 # PONT'S COORDINATES
 # NUMBER OF POINTS IN DOMAIN =           96
 
   0.0000000000000000     
   4.7549927702784413E-004
   1.5749916704144995E-003
   3.2498704396591391E-003
   5.4314265174610458E-003
   8.0303215330134754E-003
   1.0940148923425576E-002
   1.4041776976219540E-002
   1.7208223023780458E-002
   2.0309851076574424E-002
   2.3219678466986526E-002
   2.5818573482538954E-002
   2.8000129560340863E-002
   2.9675008329585500E-002
   3.0774500722972158E-002
   3.1250000000000000E-002
   3.1250000000000000E-002
   3.1725499277027842E-002
   3.2824991670414500E-002
   3.4499870439659137E-002
   3.6681426517461049E-002
   3.9280321533013474E-002
   4.2190148923425576E-002
   4.5291776976219542E-002
   4.8458223023780458E-002
   5.1559851076574424E-002
   5.4469678466986526E-002
   5.7068573482538951E-002
   5.9250129560340863E-002
   6.0925008329585500E-002
   6.2024500722972158E-002
   6.2500000000000000E-002
   6.2500000000000000E-002
   6.3450998554055685E-002
   6.5649983340828999E-002
   6.8999740879318275E-002
   7.3362853034922099E-002
   7.8560643066026947E-002
   8.4380297846851152E-002
   9.0583553952439083E-002
   9.6916446047560917E-002
  0.10311970215314885     
  0.10893935693397305     
  0.11413714696507790     
  0.11850025912068173     
  0.12185001665917100     
  0.12404900144594432     
  0.12500000000000000     
  0.12500000000000000     
  0.12690199710811137     
  0.13129996668165800     
  0.13799948175863655     
  0.14672570606984420     
  0.15712128613205389     
  0.16876059569370230     
  0.18116710790487817     
  0.19383289209512183     
  0.20623940430629770     
  0.21787871386794611     
  0.22827429393015580     
  0.23700051824136345     
  0.24370003331834200     
  0.24809800289188863     
  0.25000000000000000     
  0.25000000000000000     
  0.25380399421622274     
  0.26259993336331600     
  0.27599896351727310     
  0.29345141213968839     
  0.31424257226410779     
  0.33752119138740461     
  0.36233421580975633     
  0.38766578419024367     
  0.41247880861259539     
  0.43575742773589221     
  0.45654858786031161     
  0.47400103648272690     
  0.48740006663668400     
  0.49619600578377726     
  0.50000000000000000     
  0.50000000000000000     
  0.50760798843244548     
  0.52519986672663199     
  0.55199792703454620     
  0.58690282427937679     
  0.62848514452821558     
  0.67504238277480921     
  0.72466843161951267     
  0.77533156838048733     
  0.82495761722519079     
  0.87151485547178442     
  0.91309717572062321     
  0.94800207296545380     
  0.97480013327336801     
  0.99239201156755452     
   1.0000000000000000     
